255 255 255 255 255 255 255 255 255 255 255 255 255 255 255 255
255 112  64  64  64 207 112 255 207 207 207  64  64  64 112 255
255  64 239 191 191 191  48  48  64 207 191 191 191 239  64 255
255  64 191   0 191 191 143 143 255 255 191 191   0 191  64 255
255  64 191 191 143 191 191 191  48  48 191 143 191 191  64 255
255 207 191 191 191 239 239 239 239 239 239 191 191 191 207 255
255 255 112 255  48 239  64 207 143   0 191  96 191 239 112 255
255 253 112 255  48 239  16  16 143 143 191 239 191 239 255 255
255 207 255 207 191 239 159 207 191 191 143  48 191 191 207 255
255  64 255 207 191 239 159 207  96 239 191 239 191  48  64 255
255 207 191 191 191 239 159 159 191 239 239 239 191 191 207 255
255  64 191 191 143 191  16  16  48 239 239 239  48 191 207 255
255  64 191   0 191 191 159 207 191 191 207  64 239 239 207 255
255  64 239 191 191 191  16 207  48 191  64  64  96  96 207 255
255 112  64  64  64 207  64 207 255 112 255 255 207  64 255 255
255 255 255 255 255 255 255 255 255 255 255 255 255 255 255 255
255 255 255 255 255 255 255 255 255 255 255 255 255 255 255 255
255 112  64  64  64 207 112 255 207 207 207  64  64  64 112 255
255  64 239 191 191 191  48  48  64 207 191 191 191 239  64 255
255  64 191   0 191 191 143 143 255 255 191 191   0 191  64 255
255  64 191 191 143 191 191 191  48  48 191 143 191 191  64 255
255 207 191 191 191 239 239 239 239 239 239 191 191 191 207 255
255 255 112 255  48 239  64 207 143   0 191  96 191 239 112 255
255 253 112 255  48 239  16  16 143 143 191 239 191 239 255 255
255 207 255 207 191 239 159 207 191 191 143  48 191 191 207 255
255  64 255 207 191 239 159 207  96 239 191 239 191  48  64 255
255 207 191 191 191 239 159 159 191 239 239 239 191 191 207 255
255  64 191 191 143 191  16  16  48 239 239 239  48 191 207 255
255  64 191   0 191 191 159 207 191 191 207  64 239 239 207 255
255  64 239 191 191 191  16 207  48 191  64  64  96  96 207 255
255 112  64  64  64 207  64 207 255 112 255 255 207  64 255 255
255 255 255 255 255 255 255 255 255 255 255 255 255 255 255 255
255 255 255 255 255 255 255 255 255 255 255 255 255 255 255 255
255 112  64  64  64 207 112 255 207 207 207  64  64  64 112 255
255  64 239 191 191 191  48  48  64 207 191 191 191 239  64 255
255  64 191   0 191 191 143 143 255 255 191 191   0 191  64 255
255  64 191 191 143 191 191 191  48  48 191 143 191 191  64 255
255 207 191 191 191 239 239 239 239 239 239 191 191 191 207 255
255 255 112 255  48 239  64 207 143   0 191  96 191 239 112 255
255 253 112 255  48 239  16  16 143 143 191 239 191 239 255 255
255 207 255 207 191 239 159 207 191 191 143  48 191 191 207 255
255  64 255 207 191 239 159 207  96 239 191 239 191  48  64 255
255 207 191 191 191 239 159 159 191 239 239 239 191 191 207 255
255  64 191 191 143 191  16  16  48 239 239 239  48 191 207 255
255  64 191   0 191 191 159 207 191 191 207  64 239 239 207 255
255  64 239 191 191 191  16 207  48 191  64  64  96  96 207 255
255 112  64  64  64 207  64 207 255 112 255 255 207  64 255 255
255 255 255 255 255 255 255 255 255 255 255 255 255 255 255 255

254 254 254 254 254 254 254 254 254 254 254 254 254 254 254 255
254 170 128 129 135 208 210 214 186 152 156 206 202 189 195 254
254 128 159 128 145 160 204 198 167 154 191 183 192 144 157 254
254 129 128  51 138 169 165 167 140 171 135 117 123 123 222 254
254 135 145 137 132 157 143 149 101 153 150 176 126 140 238 255
254 183 187 142 158 160 125 138 133 136 129 150 125 152 233 254
254 200 196 145 134 165 106 124 157 173 140 169 139 153 204 254
254 216 150 177 146 152 139 159 174 138 137 143 142 122 233 254
254 236 126 150 175 164 166 139 173 170 154 112 129 160 214 254
254 203 115 154 172 159 142 127 159 173 160 107 121 111 152 254
254 208 150 169 151 152 186 189 171 177 156 154 129 121 171 254
254 135 145 138 132 159 144 136 154 173 174 132 138 145 135 254
254 129 128  51 137 132 154 186 172 151 166 138  51 128 129 254
254 128 159 128 145 125 145 170 202 208 163 145 128 159 128 254
254 170 128 129 135 177 212 206 182 157 178 135 129 128 170 254
254 254 254 254 254 254 254 254 254 254 254 254 254 254 254 254
254 254 254 254 254 254 254 254 254 254 254 254 254 254 254 255
254 170 128 129 135 208 210 214 186 152 156 206 202 189 195 254
254 128 159 128 145 160 204 198 167 154 191 183 192 144 157 254
254 129 128  51 138 169 165 167 140 171 135 117 123 123 222 254
254 135 145 137 132 157 143 149 101 153 150 176 126 140 238 255
254 183 187 142 158 160 125 138 133 136 129 150 125 152 233 254
254 200 196 145 134 165 106 124 157 173 140 169 139 153 204 254
254 216 150 177 146 152 139 159 174 138 137 143 142 122 233 254
254 236 126 150 175 164 166 139 173 170 154 112 129 160 214 254
254 203 115 154 172 159 142 127 159 173 160 107 121 111 152 254
254 208 150 169 151 152 186 189 171 177 156 154 129 121 171 254
254 135 145 138 132 159 144 136 154 173 174 132 138 145 135 254
254 129 128  51 137 132 154 186 172 151 166 138  51 128 129 254
254 128 159 128 145 125 145 170 202 208 163 145 128 159 128 254
254 170 128 129 135 177 212 206 182 157 178 135 129 128 170 254
254 254 254 254 254 254 254 254 254 254 254 254 254 254 254 254
254 254 254 254 254 254 254 254 254 254 254 254 254 254 254 255
254 170 128 129 135 208 210 214 186 152 156 206 202 189 195 254
254 128 159 128 145 160 204 198 167 154 191 183 192 144 157 254
254 129 128  51 138 169 165 167 140 171 135 117 123 123 222 254
254 135 145 137 132 157 143 149 101 153 150 176 126 140 238 255
254 183 187 142 158 160 125 138 133 136 129 150 125 152 233 254
254 200 196 145 134 165 106 124 157 173 140 169 139 153 204 254
254 216 150 177 146 152 139 159 174 138 137 143 142 122 233 254
254 236 126 150 175 164 166 139 173 170 154 112 129 160 214 254
254 203 115 154 172 159 142 127 159 173 160 107 121 111 152 254
254 208 150 169 151 152 186 189 171 177 156 154 129 121 171 254
254 135 145 138 132 159 144 136 154 173 174 132 138 145 135 254
254 129 128  51 137 132 154 186 172 151 166 138  51 128 129 254
254 128 159 128 145 125 145 170 202 208 163 145 128 159 128 254
254 170 128 129 135 177 212 206 182 157 178 135 129 128 170 254
254 254 254 254 254 254 254 254 254 254 254 254 254 254 254 254

255 254 254 254 255 254 254 254 254 254 254 254 254 254 254 254
254 195 157 222 238 233 204 233 214 152 171 135 129 128 170 254
254 189 144 123 140 152 153 122 160 111 121 145 128 159 128 254
254 202 192 123 126 125 139 142 129 121 129 138  51 128 129 254
254 206 183 117 176 150 169 143 112 107 154 132 138 145 135 254
254 156 191 135 150 129 140 137 154 160 156 174 166 163 178 254
254 152 154 171 153 136 173 138 170 173 177 173 151 208 157 254
254 186 167 140 101 133 157 174 173 159 171 154 172 202 182 254
254 214 198 167 149 138 124 159 139 127 189 136 186 170 206 254
254 210 204 165 143 125 106 139 166 142 186 144 154 145 212 254
254 208 160 169 157 160 165 152 164 159 152 159 132 125 177 254
254 135 145 138 132 158 134 146 175 172 151 132 137 145 135 254
254 129 128  51 137 142 145 177 150 154 169 138  51 128 129 254
254 128 159 128 145 187 196 150 126 115 150 145 128 159 128 254
254 170 128 129 135 183 200 216 236 203 208 135 129 128 170 254
254 254 254 254 254 254 254 254 254 254 254 254 254 254 254 254
255 254 254 254 255 254 254 254 254 254 254 254 254 254 254 254
254 195 157 222 238 233 204 233 214 152 171 135 129 128 170 254
254 189 144 123 140 152 153 122 160 111 121 145 128 159 128 254
254 202 192 123 126 125 139 142 129 121 129 138  51 128 129 254
254 206 183 117 176 150 169 143 112 107 154 132 138 145 135 254
254 156 191 135 150 129 140 137 154 160 156 174 166 163 178 254
254 152 154 171 153 136 173 138 170 173 177 173 151 208 157 254
254 186 167 140 101 133 157 174 173 159 171 154 172 202 182 254
254 214 198 167 149 138 124 159 139 127 189 136 186 170 206 254
254 210 204 165 143 125 106 139 166 142 186 144 154 145 212 254
254 208 160 169 157 160 165 152 164 159 152 159 132 125 177 254
254 135 145 138 132 158 134 146 175 172 151 132 137 145 135 254
254 129 128  51 137 142 145 177 150 154 169 138  51 128 129 254
254 128 159 128 145 187 196 150 126 115 150 145 128 159 128 254
254 170 128 129 135 183 200 216 236 203 208 135 129 128 170 254
254 254 254 254 254 254 254 254 254 254 254 254 254 254 254 254
255 254 254 254 255 254 254 254 254 254 254 254 254 254 254 254
254 195 157 222 238 233 204 233 214 152 171 135 129 128 170 254
254 189 144 123 140 152 153 122 160 111 121 145 128 159 128 254
254 202 192 123 126 125 139 142 129 121 129 138  51 128 129 254
254 206 183 117 176 150 169 143 112 107 154 132 138 145 135 254
254 156 191 135 150 129 140 137 154 160 156 174 166 163 178 254
254 152 154 171 153 136 173 138 170 173 177 173 151 208 157 254
254 186 167 140 101 133 157 174 173 159 171 154 172 202 182 254
254 214 198 167 149 138 124 159 139 127 189 136 186 170 206 254
254 210 204 165 143 125 106 139 166 142 186 144 154 145 212 254
254 208 160 169 157 160 165 152 164 159 152 159 132 125 177 254
254 135 145 138 132 158 134 146 175 172 151 132 137 145 135 254
254 129 128  51 137 142 145 177 150 154 169 138  51 128 129 254
254 128 159 128 145 187 196 150 126 115 150 145 128 159 128 254
254 170 128 129 135 183 200 216 236 203 208 135 129 128 170 254
254 254 254 254 254 254 254 254 254 254 254 254 254 254 254 254

254 254 254 254 254 254 254 254 254 254 254 254 254 254 254 254
254 170 128 129 135 178 157 182 206 212 177 135 129 128 170 254
254 128 159 128 145 163 208 202 170 145 125 145 128 159 128 254
254 129 128  51 138 166 151 172 186 154 132 137  51 128 129 254
254 135 145 138 132 174 173 154 136 144 159 132 138 145 135 254
254 171 121 129 154 156 177 171 189 186 152 151 169 150 208 254
254 152 111 121 107 160 173 159 127 142 159 172 154 115 203 254
254 214 160 129 112 154 170 173 139 166 164 175 150 126 236 254
254 233 122 142 143 137 138 174 159 139 152 146 177 150 216 254
254 204 153 139 169 140 173 157 124 106 165 134 145 196 200 254
254 233 152 125 150 129 136 133 138 125 160 158 142 187 183 254
255 238 140 126 176 150 153 101 149 143 157 132 137 145 135 254
254 222 123 123 117 135 171 140 167 165 169 138  51 128 129 254
254 157 144 192 183 191 154 167 198 204 160 145 128 159 128 254
254 195 189 202 206 156 152 186 214 210 208 135 129 128 170 254
255 254 254 254 254 254 254 254 254 254 254 254 254 254 254 254
254 254 254 254 254 254 254 254 254 254 254 254 254 254 254 254
254 170 128 129 135 178 157 182 206 212 177 135 129 128 170 254
254 128 159 128 145 163 208 202 170 145 125 145 128 159 128 254
254 129 128  51 138 166 151 172 186 154 132 137  51 128 129 254
254 135 145 138 132 174 173 154 136 144 159 132 138 145 135 254
254 171 121 129 154 156 177 171 189 186 152 151 169 150 208 254
254 152 111 121 107 160 173 159 127 142 159 172 154 115 203 254
254 214 160 129 112 154 170 173 139 166 164 175 150 126 236 254
254 233 122 142 143 137 138 174 159 139 152 146 177 150 216 254
254 204 153 139 169 140 173 157 124 106 165 134 145 196 200 254
254 233 152 125 150 129 136 133 138 125 160 158 142 187 183 254
255 238 140 126 176 150 153 101 149 143 157 132 137 145 135 254
254 222 123 123 117 135 171 140 167 165 169 138  51 128 129 254
254 157 144 192 183 191 154 167 198 204 160 145 128 159 128 254
254 195 189 202 206 156 152 186 214 210 208 135 129 128 170 254
255 254 254 254 254 254 254 254 254 254 254 254 254 254 254 254
254 254 254 254 254 254 254 254 254 254 254 254 254 254 254 254
254 170 128 129 135 178 157 182 206 212 177 135 129 128 170 254
254 128 159 128 145 163 208 202 170 145 125 145 128 159 128 254
254 129 128  51 138 166 151 172 186 154 132 137  51 128 129 254
254 135 145 138 132 174 173 154 136 144 159 132 138 145 135 254
254 171 121 129 154 156 177 171 189 186 152 151 169 150 208 254
254 152 111 121 107 160 173 159 127 142 159 172 154 115 203 254
254 214 160 129 112 154 170 173 139 166 164 175 150 126 236 254
254 233 122 142 143 137 138 174 159 139 152 146 177 150 216 254
254 204 153 139 169 140 173 157 124 106 165 134 145 196 200 254
254 233 152 125 150 129 136 133 138 125 160 158 142 187 183 254
255 238 140 126 176 150 153 101 149 143 157 132 137 145 135 254
254 222 123 123 117 135 171 140 167 165 169 138  51 128 129 254
254 157 144 192 183 191 154 167 198 204 160 145 128 159 128 254
254 195 189 202 206 156 152 186 214 210 208 135 129 128 170 254
255 254 254 254 254 254 254 254 254 254 254 254 254 254 254 254
